acc = 0.6656285390713477
eval_loss = 0.7781038311640242
mcc = 0.293166561174784
